%% EM.m
% initialize Earth-Moon system parameters

p.mu = 0.01215058560962404;
p.LU = 389703;
p.TU = 382981;
p.R_M = 1737.4/p.LU;
p.R_E = 6371.0/p.LU;